(340, 200) (40, 40) (240, 240, 240)
(340, 240) (480, 80) (240, 240, 240)
(340, 320) (660, 40) (142, 142, 142)
(340, 360) (820, 80) (223, 223, 223)
(340, 440) (580, 80) (104, 104, 104)
(340, 520) (220, 40) (182, 182, 182)
(680, 520) (240, 20) (134, 134, 134)
(0, 600) (1280, 120) (220, 220, 220)
(1280, 920) (1280, 520) (183, 183, 183)
(340, 200) (40, 40) (64, 64, 64)
(340, 240) (480, 80) (255, 255, 255)
(340, 320) (660, 40) (160, 160, 160)
(340, 360) (820, 80) (168, 168, 168)
(340, 440) (580, 80) (182, 182, 182)
(340, 520) (220, 40) (99, 99, 99)
(680, 520) (240, 20) (166, 166, 166)
(0, 600) (1280, 120) (150, 150, 150)
(1280, 920) (1280, 520) (80, 80, 80)
(340, 200) (40, 40) (139, 139, 139)
(340, 240) (480, 80) (149, 149, 149)
(340, 320) (660, 40) (64, 64, 64)
(340, 360) (820, 80) (108, 108, 108)
(340, 440) (580, 80) (134, 134, 134)
(340, 520) (220, 40) (70, 70, 70)
(680, 520) (240, 20) (128, 128, 128)
(0, 600) (1280, 120) (84, 84, 84)
(1280, 920) (1280, 520) (161, 161, 161)
