(0, 0) (20, 1740) (193, 193, 193)
(2980, 680) (100, 20) (207, 207, 207)
(3100, 680) (20, 20) (93, 93, 93)
(2980, 700) (140, 120) (61, 61, 61)
(2160, 1220) (140, 140) (234, 234, 234)
(2760, 1220) (20, 20) (62, 62, 62)
(2840, 1220) (160, 20) (75, 75, 75)
(3020, 1220) (20, 20) (100, 100, 100)
(3100, 1220) (160, 20) (93, 93, 93)
(3300, 1220) (20, 20) (73, 73, 73)
(6220, 1220) (280, 120) (156, 156, 156)
(7700, 1220) (280, 120) (244, 244, 244)
(2700, 1240) (680, 20) (194, 194, 194)
(2720, 1260) (660, 20) (173, 173, 173)
(2700, 1280) (680, 40) (114, 114, 114)
(2720, 1320) (660, 20) (92, 92, 92)
(2700, 1340) (680, 20) (247, 247, 247)
(6240, 1340) (240, 420) (176, 176, 176)
(7700, 1340) (260, 20) (205, 205, 205)
(5140, 1360) (280, 120) (253, 253, 253)
(7720, 1360) (240, 400) (242, 242, 242)
(320, 1460) (60, 20) (220, 220, 220)
(6800, 1460) (60, 20) (143, 143, 143)
(280, 1480) (140, 20) (73, 73, 73)
(3800, 1480) (260, 20) (191, 191, 191)
(5140, 1480) (260, 20) (150, 150, 150)
(6760, 1480) (140, 20) (160, 160, 160)
(260, 1500) (180, 20) (231, 231, 231)
(3780, 1500) (280, 120) (147, 147, 147)
(5160, 1500) (240, 200) (71, 71, 71)
(6740, 1500) (180, 20) (250, 250, 250)
(240, 1520) (220, 20) (116, 116, 116)
(6720, 1520) (220, 20) (140, 140, 140)
(220, 1540) (260, 20) (71, 71, 71)
(6700, 1540) (260, 20) (97, 97, 97)
(200, 1560) (300, 20) (101, 101, 101)
(6680, 1560) (300, 20) (207, 207, 207)
(180, 1580) (340, 20) (101, 101, 101)
(6660, 1580) (340, 20) (132, 132, 132)
(160, 1600) (380, 20) (200, 200, 200)
(2320, 1600) (100, 20) (51, 51, 51)
(6640, 1600) (380, 20) (69, 69, 69)
(8800, 1600) (100, 20) (242, 242, 242)
(140, 1620) (420, 20) (56, 56, 56)
(1680, 1620) (40, 20) (62, 62, 62)
(1820, 1620) (40, 20) (255, 255, 255)
(1940, 1620) (40, 20) (98, 98, 98)
(2300, 1620) (140, 20) (64, 64, 64)
(3300, 1620) (40, 20) (118, 118, 118)
(3800, 1620) (240, 140) (206, 206, 206)
(5720, 1620) (40, 20) (216, 216, 216)
(5860, 1620) (40, 20) (109, 109, 109)
(6620, 1620) (420, 20) (213, 213, 213)
(8160, 1620) (20, 20) (94, 94, 94)
(8280, 1620) (40, 20) (172, 172, 172)
(8420, 1620) (40, 20) (163, 163, 163)
(8760, 1620) (160, 20) (109, 109, 109)
(9780, 1620) (40, 20) (248, 248, 248)
(120, 1640) (460, 20) (231, 231, 231)
(1660, 1640) (80, 20) (168, 168, 168)
(1800, 1640) (80, 20) (212, 212, 212)
(1920, 1640) (80, 20) (127, 127, 127)
(2280, 1640) (180, 20) (247, 247, 247)
(3020, 1640) (60, 20) (103, 103, 103)
(3260, 1640) (100, 20) (119, 119, 119)
(5440, 1640) (60, 20) (73, 73, 73)
(5700, 1640) (80, 20) (226, 226, 226)
(5840, 1640) (80, 20) (73, 73, 73)
(6600, 1640) (460, 20) (74, 74, 74)
(7140, 1640) (60, 20) (197, 197, 197)
(8120, 1640) (80, 20) (212, 212, 212)
(8260, 1640) (80, 20) (189, 189, 189)
(8400, 1640) (80, 20) (229, 229, 229)
(8740, 1640) (200, 20) (187, 187, 187)
(9740, 1640) (80, 20) (139, 139, 139)
(100, 1660) (500, 20) (216, 216, 216)
(1660, 1660) (240, 20) (163, 163, 163)
(1920, 1660) (120, 20) (162, 162, 162)
(2260, 1660) (220, 20) (200, 200, 200)
(3000, 1660) (100, 20) (167, 167, 167)
(3260, 1660) (120, 20) (119, 119, 119)
(5440, 1660) (80, 20) (162, 162, 162)
(5700, 1660) (260, 20) (77, 77, 77)
(6580, 1660) (500, 20) (161, 161, 161)
(7120, 1660) (100, 20) (85, 85, 85)
(8120, 1660) (120, 20) (123, 123, 123)
(8260, 1660) (240, 20) (122, 122, 122)
(8720, 1660) (240, 20) (136, 136, 136)
(9740, 1660) (120, 20) (92, 92, 92)
(80, 1680) (540, 20) (229, 229, 229)
(1640, 1680) (400, 20) (62, 62, 62)
(2240, 1680) (260, 20) (191, 191, 191)
(2980, 1680) (120, 20) (181, 181, 181)
(3240, 1680) (140, 20) (52, 52, 52)
(5420, 1680) (120, 20) (75, 75, 75)
(5680, 1680) (280, 20) (51, 51, 51)
(6560, 1680) (660, 20) (212, 212, 212)
(8100, 1680) (420, 20) (118, 118, 118)
(8700, 1680) (280, 20) (130, 130, 130)
(9720, 1680) (140, 20) (88, 88, 88)
(60, 1700) (580, 20) (234, 234, 234)
(1600, 1700) (480, 20) (74, 74, 74)
(2220, 1700) (300, 20) (80, 80, 80)
(2980, 1700) (140, 20) (63, 63, 63)
(3200, 1700) (220, 20) (77, 77, 77)
(5160, 1700) (380, 20) (110, 110, 110)
(5640, 1700) (360, 20) (250, 250, 250)
(6540, 1700) (700, 20) (65, 65, 65)
(8060, 1700) (500, 20) (145, 145, 145)
(8680, 1700) (320, 20) (144, 144, 144)
(9680, 1700) (220, 20) (147, 147, 147)
(40, 1720) (620, 20) (126, 126, 126)
(1580, 1720) (520, 20) (117, 117, 117)
(2200, 1720) (340, 20) (62, 62, 62)
(3020, 1720) (60, 20) (210, 210, 210)
(3180, 1720) (280, 40) (77, 77, 77)
(5160, 1720) (240, 40) (205, 205, 205)
(5440, 1720) (80, 20) (112, 112, 112)
(5620, 1720) (400, 20) (74, 74, 74)
(6520, 1720) (700, 20) (66, 66, 66)
(8040, 1720) (540, 40) (99, 99, 99)
(8660, 1720) (360, 20) (148, 148, 148)
(9660, 1720) (260, 20) (246, 246, 246)
(0, 1740) (680, 20) (80, 80, 80)
(1560, 1740) (540, 20) (199, 199, 199)
(2180, 1740) (380, 20) (185, 185, 185)
(3000, 1740) (100, 20) (157, 157, 157)
(5440, 1740) (100, 20) (161, 161, 161)
(5600, 1740) (420, 20) (196, 196, 196)
(6500, 1740) (720, 20) (237, 237, 237)
(8640, 1740) (400, 20) (180, 180, 180)
(9660, 1740) (280, 20) (231, 231, 231)
(0, 1760) (920, 20) (169, 169, 169)
(940, 1760) (120, 20) (184, 184, 184)
(1080, 1760) (160, 20) (223, 223, 223)
(1260, 1760) (1460, 20) (184, 184, 184)
(2740, 1760) (60, 20) (202, 202, 202)
(2860, 1760) (620, 20) (125, 125, 125)
(3500, 1760) (80, 20) (55, 55, 55)
(3600, 1760) (100, 20) (252, 252, 252)
(3720, 1760) (400, 20) (185, 185, 185)
(4140, 1760) (100, 20) (129, 129, 129)
(4260, 1760) (120, 20) (252, 252, 252)
(4400, 1760) (20, 20) (115, 115, 115)
(4440, 1760) (20, 20) (165, 165, 165)
(4480, 1760) (200, 20) (206, 206, 206)
(4720, 1760) (60, 20) (77, 77, 77)
(4800, 1760) (80, 20) (109, 109, 109)
(4900, 1760) (200, 20) (147, 147, 147)
(5120, 1760) (2140, 20) (58, 58, 58)
(7300, 1760) (220, 20) (74, 74, 74)
(7560, 1760) (100, 20) (103, 103, 103)
(7680, 1760) (920, 20) (162, 162, 162)
(8620, 1760) (520, 20) (233, 233, 233)
(9160, 1760) (20, 20) (131, 131, 131)
(9200, 1760) (80, 20) (65, 65, 65)
(9300, 1760) (20, 20) (59, 59, 59)
(9600, 1760) (20, 20) (253, 253, 253)
(9640, 1760) (300, 20) (204, 204, 204)
(9980, 1760) (20, 260) (51, 51, 51)
(0, 1780) (9320, 240) (74, 74, 74)
(9580, 1780) (400, 80) (81, 81, 81)
(9600, 1860) (380, 40) (220, 220, 220)
(9580, 1900) (400, 120) (193, 193, 193)
(0, 2020) (80, 20) (148, 148, 148)
(100, 2020) (40, 20) (187, 187, 187)
(160, 2020) (180, 20) (209, 209, 209)
(360, 2020) (180, 20) (184, 184, 184)
(560, 2020) (60, 20) (172, 172, 172)
(640, 2020) (40, 20) (153, 153, 153)
(700, 2020) (120, 20) (91, 91, 91)
(840, 2020) (40, 20) (239, 239, 239)
(900, 2020) (180, 20) (146, 146, 146)
(1100, 2020) (60, 20) (203, 203, 203)
(1180, 2020) (40, 20) (207, 207, 207)
(1240, 2020) (120, 20) (207, 207, 207)
(1380, 2020) (40, 20) (199, 199, 199)
(1440, 2020) (260, 20) (141, 141, 141)
(1720, 2020) (40, 20) (219, 219, 219)
(1780, 2020) (180, 20) (111, 111, 111)
(1980, 2020) (40, 20) (68, 68, 68)
(2040, 2020) (120, 20) (171, 171, 171)
(2180, 2020) (40, 20) (104, 104, 104)
(2240, 2020) (260, 20) (193, 193, 193)
(2520, 2020) (40, 20) (199, 199, 199)
(2580, 2020) (120, 20) (193, 193, 193)
(2720, 2020) (40, 20) (185, 185, 185)
(2780, 2020) (320, 20) (102, 102, 102)
(3120, 2020) (120, 20) (209, 209, 209)
(3260, 2020) (40, 20) (58, 58, 58)
(3320, 2020) (320, 20) (124, 124, 124)
(3660, 2020) (60, 20) (118, 118, 118)
(3740, 2020) (40, 20) (164, 164, 164)
(3800, 2020) (180, 20) (235, 235, 235)
(4000, 2020) (180, 20) (236, 236, 236)
(4200, 2020) (60, 20) (130, 130, 130)
(4280, 2020) (40, 20) (230, 230, 230)
(4340, 2020) (120, 20) (65, 65, 65)
(4480, 2020) (40, 20) (130, 130, 130)
(4540, 2020) (180, 20) (215, 215, 215)
(4740, 2020) (60, 20) (247, 247, 247)
(4820, 2020) (40, 20) (82, 82, 82)
(4880, 2020) (120, 20) (222, 222, 222)
(5020, 2020) (40, 20) (162, 162, 162)
(5080, 2020) (180, 20) (166, 166, 166)
(5280, 2020) (60, 20) (105, 105, 105)
(5360, 2020) (40, 20) (245, 245, 245)
(5420, 2020) (120, 20) (151, 151, 151)
(5560, 2020) (40, 20) (155, 155, 155)
(5620, 2020) (180, 20) (191, 191, 191)
(5820, 2020) (60, 20) (201, 201, 201)
(5900, 2020) (40, 20) (147, 147, 147)
(5960, 2020) (120, 20) (199, 199, 199)
(6100, 2020) (40, 20) (179, 179, 179)
(6160, 2020) (260, 20) (176, 176, 176)
(6440, 2020) (40, 20) (93, 93, 93)
(6500, 2020) (120, 20) (181, 181, 181)
(6640, 2020) (40, 20) (159, 159, 159)
(6700, 2020) (260, 20) (234, 234, 234)
(6980, 2020) (40, 20) (82, 82, 82)
(7040, 2020) (120, 20) (77, 77, 77)
(7180, 2020) (40, 20) (160, 160, 160)
(7240, 2020) (180, 20) (122, 122, 122)
(7440, 2020) (40, 20) (64, 64, 64)
(7500, 2020) (260, 20) (145, 145, 145)
(7780, 2020) (40, 20) (56, 56, 56)
(7840, 2020) (120, 20) (104, 104, 104)
(7980, 2020) (40, 20) (85, 85, 85)
(8040, 2020) (260, 20) (100, 100, 100)
(8320, 2020) (40, 20) (76, 76, 76)
(8380, 2020) (60, 20) (120, 120, 120)
(8460, 2020) (40, 20) (249, 249, 249)
(8520, 2020) (180, 20) (109, 109, 109)
(8720, 2020) (180, 20) (237, 237, 237)
(8920, 2020) (60, 20) (87, 87, 87)
(9000, 2020) (40, 20) (100, 100, 100)
(9060, 2020) (180, 20) (220, 220, 220)
(9260, 2020) (60, 20) (199, 199, 199)
(9600, 2020) (180, 20) (120, 120, 120)
(9800, 2020) (180, 20) (163, 163, 163)
(0, 2040) (20, 1580) (201, 201, 201)
(880, 2580) (40, 20) (85, 85, 85)
(1140, 2580) (40, 20) (150, 150, 150)
(860, 2600) (80, 20) (164, 164, 164)
(1120, 2600) (80, 20) (116, 116, 116)
(840, 2620) (120, 20) (87, 87, 87)
(1100, 2620) (120, 20) (225, 225, 225)
(820, 2640) (140, 20) (146, 146, 146)
(1100, 2640) (140, 20) (65, 65, 65)
(840, 2660) (120, 20) (80, 80, 80)
(1100, 2660) (120, 20) (255, 255, 255)
(860, 2680) (100, 20) (127, 127, 127)
(1120, 2680) (100, 20) (193, 193, 193)
(820, 2700) (1080, 140) (98, 98, 98)
(2300, 2700) (540, 140) (104, 104, 104)
(4740, 2700) (120, 20) (72, 72, 72)
(6360, 2700) (400, 140) (75, 75, 75)
(7300, 2700) (120, 20) (247, 247, 247)
(7440, 2700) (400, 20) (132, 132, 132)
(4740, 2720) (140, 120) (217, 217, 217)
(7300, 2720) (540, 120) (173, 173, 173)
(420, 3240) (400, 140) (230, 230, 230)
(2720, 3240) (120, 20) (78, 78, 78)
(3520, 3240) (260, 20) (50, 50, 50)
(4340, 3240) (120, 20) (72, 72, 72)
(4740, 3240) (120, 20) (208, 208, 208)
(5160, 3240) (100, 20) (170, 170, 170)
(5960, 3240) (120, 20) (150, 150, 150)
(7440, 3240) (260, 20) (66, 66, 66)
(8520, 3240) (40, 20) (237, 237, 237)
(8620, 3240) (20, 20) (199, 199, 199)
(8920, 3240) (20, 20) (143, 143, 143)
(9020, 3240) (40, 20) (139, 139, 139)
(2700, 3260) (140, 100) (213, 213, 213)
(3520, 3260) (280, 20) (96, 96, 96)
(4320, 3260) (140, 120) (158, 158, 158)
(4740, 3260) (140, 120) (89, 89, 89)
(5140, 3260) (140, 120) (65, 65, 65)
(5940, 3260) (140, 20) (73, 73, 73)
(7420, 3260) (280, 20) (120, 120, 120)
(8520, 3260) (120, 100) (124, 124, 124)
(8920, 3260) (120, 20) (128, 128, 128)
(3520, 3280) (260, 40) (88, 88, 88)
(5960, 3280) (120, 20) (173, 173, 173)
(7440, 3280) (260, 20) (104, 104, 104)
(8920, 3280) (140, 100) (217, 217, 217)
(5940, 3300) (140, 20) (57, 57, 57)
(7420, 3300) (280, 80) (92, 92, 92)
(3520, 3320) (280, 20) (98, 98, 98)
(5960, 3320) (120, 20) (249, 249, 249)
(3520, 3340) (260, 40) (52, 52, 52)
(5940, 3340) (140, 20) (245, 245, 245)
(2720, 3360) (120, 20) (62, 62, 62)
(5960, 3360) (120, 20) (225, 225, 225)
(8500, 3360) (140, 20) (246, 246, 246)
(8380, 3380) (260, 120) (102, 102, 102)
(8920, 3380) (240, 20) (63, 63, 63)
(8920, 3400) (260, 120) (69, 69, 69)
(3260, 3480) (100, 20) (136, 136, 136)
(9740, 3480) (100, 20) (122, 122, 122)
(3240, 3500) (160, 20) (237, 237, 237)
(8360, 3500) (280, 20) (207, 207, 207)
(9720, 3500) (140, 20) (230, 230, 230)
(3220, 3520) (200, 20) (227, 227, 227)
(8240, 3520) (400, 120) (237, 237, 237)
(8920, 3520) (400, 120) (173, 173, 173)
(9700, 3520) (180, 20) (108, 108, 108)
(3200, 3540) (240, 20) (220, 220, 220)
(9680, 3540) (220, 20) (189, 189, 189)
(3180, 3560) (280, 20) (222, 222, 222)
(9660, 3560) (260, 20) (103, 103, 103)
(3160, 3580) (320, 20) (52, 52, 52)
(9640, 3580) (320, 20) (59, 59, 59)
(3140, 3600) (360, 20) (59, 59, 59)
(4480, 3600) (20, 40) (219, 219, 219)
(9620, 3600) (340, 20) (121, 121, 121)
(0, 3620) (20, 20) (102, 102, 102)
(3120, 3620) (400, 20) (247, 247, 247)
(5280, 3620) (120, 20) (172, 172, 172)
(9600, 3620) (400, 420) (229, 229, 229)
(0, 3640) (20, 140) (113, 113, 113)
(2220, 3640) (40, 20) (74, 74, 74)
(2340, 3640) (60, 20) (185, 185, 185)
(3100, 3640) (440, 20) (155, 155, 155)
(4460, 3640) (40, 20) (170, 170, 170)
(4640, 3640) (60, 20) (151, 151, 151)
(4780, 3640) (40, 20) (159, 159, 159)
(4920, 3640) (40, 20) (174, 174, 174)
(5260, 3640) (160, 20) (125, 125, 125)
(6260, 3640) (60, 20) (184, 184, 184)
(8120, 3640) (520, 20) (214, 214, 214)
(8680, 3640) (60, 20) (137, 137, 137)
(8820, 3640) (40, 20) (195, 195, 195)
(8920, 3640) (540, 40) (249, 249, 249)
(9580, 3640) (20, 20) (149, 149, 149)
(2180, 3660) (100, 20) (248, 248, 248)
(2320, 3660) (80, 20) (199, 199, 199)
(3080, 3660) (480, 20) (109, 109, 109)
(4480, 3660) (100, 20) (243, 243, 243)
(4620, 3660) (100, 20) (69, 69, 69)
(4760, 3660) (100, 20) (220, 220, 220)
(4880, 3660) (100, 20) (118, 118, 118)
(5240, 3660) (260, 20) (204, 204, 204)
(5660, 3660) (60, 20) (80, 80, 80)
(6240, 3660) (100, 20) (59, 59, 59)
(6800, 3660) (60, 20) (61, 61, 61)
(7000, 3660) (60, 20) (186, 186, 186)
(7320, 3660) (60, 20) (55, 55, 55)
(7540, 3660) (60, 20) (70, 70, 70)
(8100, 3660) (540, 20) (106, 106, 106)
(8660, 3660) (80, 20) (166, 166, 166)
(8800, 3660) (100, 20) (173, 173, 173)
(9560, 3660) (40, 20) (202, 202, 202)
(2180, 3680) (120, 20) (93, 93, 93)
(2320, 3680) (120, 20) (133, 133, 133)
(3060, 3680) (520, 20) (200, 200, 200)
(4480, 3680) (120, 20) (198, 198, 198)
(4620, 3680) (380, 20) (233, 233, 233)
(5220, 3680) (300, 20) (53, 53, 53)
(5640, 3680) (100, 20) (108, 108, 108)
(6240, 3680) (120, 20) (56, 56, 56)
(6780, 3680) (100, 20) (105, 105, 105)
(6980, 3680) (100, 20) (172, 172, 172)
(7320, 3680) (80, 20) (199, 199, 199)
(7520, 3680) (100, 20) (110, 110, 110)
(8100, 3680) (680, 20) (73, 73, 73)
(8800, 3680) (660, 20) (100, 100, 100)
(9540, 3680) (60, 20) (80, 80, 80)
(2140, 3700) (300, 20) (69, 69, 69)
(3040, 3700) (560, 20) (197, 197, 197)
(4480, 3700) (540, 20) (134, 134, 134)
(5200, 3700) (340, 20) (141, 141, 141)
(5620, 3700) (120, 40) (212, 212, 212)
(6200, 3700) (160, 20) (160, 160, 160)
(6760, 3700) (140, 40) (114, 114, 114)
(6960, 3700) (140, 40) (98, 98, 98)
(7300, 3700) (120, 40) (71, 71, 71)
(7500, 3700) (120, 40) (233, 233, 233)
(8100, 3700) (1360, 60) (224, 224, 224)
(9520, 3700) (80, 20) (253, 253, 253)
(2120, 3720) (360, 20) (236, 236, 236)
(3020, 3720) (600, 20) (231, 231, 231)
(4500, 3720) (560, 20) (105, 105, 105)
(5180, 3720) (360, 20) (115, 115, 115)
(6180, 3720) (220, 20) (245, 245, 245)
(9500, 3720) (100, 20) (106, 106, 106)
(2100, 3740) (400, 40) (111, 111, 111)
(3000, 3740) (640, 20) (145, 145, 145)
(4480, 3740) (600, 20) (245, 245, 245)
(5160, 3740) (380, 20) (146, 146, 146)
(5640, 3740) (80, 20) (163, 163, 163)
(6160, 3740) (260, 40) (52, 52, 52)
(6800, 3740) (80, 20) (154, 154, 154)
(7000, 3740) (80, 20) (139, 139, 139)
(7320, 3740) (80, 20) (108, 108, 108)
(7520, 3740) (80, 20) (57, 57, 57)
(9480, 3740) (120, 20) (221, 221, 221)
(2980, 3760) (680, 20) (120, 120, 120)
(4500, 3760) (580, 20) (80, 80, 80)
(5140, 3760) (400, 20) (99, 99, 99)
(5640, 3760) (100, 20) (216, 216, 216)
(6780, 3760) (120, 20) (224, 224, 224)
(6980, 3760) (120, 20) (171, 171, 171)
(7320, 3760) (100, 20) (78, 78, 78)
(7520, 3760) (100, 20) (190, 190, 190)
(8100, 3760) (1500, 20) (234, 234, 234)
(0, 3780) (1640, 260) (231, 231, 231)
(2040, 3780) (7560, 200) (167, 167, 167)
(2020, 3980) (7580, 20) (80, 80, 80)
(2040, 4000) (7560, 40) (157, 157, 157)
(0, 4040) (80, 20) (87, 87, 87)
(100, 4040) (40, 20) (190, 190, 190)
(160, 4040) (40, 20) (174, 174, 174)
(220, 4040) (60, 20) (142, 142, 142)
(300, 4040) (40, 20) (200, 200, 200)
(360, 4040) (40, 20) (146, 146, 146)
(420, 4040) (40, 20) (254, 254, 254)
(500, 4040) (40, 20) (250, 250, 250)
(560, 4040) (60, 20) (111, 111, 111)
(640, 4040) (40, 20) (189, 189, 189)
(700, 4040) (40, 20) (242, 242, 242)
(760, 4040) (40, 20) (207, 207, 207)
(840, 4040) (40, 20) (88, 88, 88)
(900, 4040) (120, 20) (121, 121, 121)
(1040, 4040) (40, 20) (102, 102, 102)
(1100, 4040) (60, 20) (253, 253, 253)
(1180, 4040) (40, 20) (162, 162, 162)
(1240, 4040) (40, 20) (136, 136, 136)
(1300, 4040) (60, 20) (88, 88, 88)
(1380, 4040) (40, 20) (79, 79, 79)
(1440, 4040) (40, 20) (236, 236, 236)
(1500, 4040) (60, 20) (53, 53, 53)
(1580, 4040) (40, 20) (219, 219, 219)
(2040, 4040) (40, 20) (238, 238, 238)
(2120, 4040) (40, 20) (209, 209, 209)
(2180, 4040) (40, 20) (135, 135, 135)
(2240, 4040) (60, 20) (52, 52, 52)
(2320, 4040) (40, 20) (123, 123, 123)
(2380, 4040) (40, 20) (253, 253, 253)
(2440, 4040) (60, 20) (193, 193, 193)
(2520, 4040) (40, 20) (239, 239, 239)
(2580, 4040) (20, 20) (223, 223, 223)
(2620, 4040) (20, 20) (208, 208, 208)
(2660, 4040) (40, 20) (164, 164, 164)
(2720, 4040) (40, 20) (126, 126, 126)
(2780, 4040) (40, 20) (95, 95, 95)
(2860, 4040) (40, 20) (246, 246, 246)
(2920, 4040) (40, 20) (118, 118, 118)
(2980, 4040) (60, 20) (236, 236, 236)
(3060, 4040) (40, 20) (84, 84, 84)
(3120, 4040) (40, 20) (245, 245, 245)
(3200, 4040) (40, 20) (108, 108, 108)
(3260, 4040) (40, 20) (117, 117, 117)
(3320, 4040) (60, 20) (152, 152, 152)
(3400, 4040) (20, 20) (161, 161, 161)
(3460, 4040) (40, 20) (168, 168, 168)
(3520, 4040) (60, 20) (54, 54, 54)
(3600, 4040) (40, 20) (159, 159, 159)
(3660, 4040) (60, 20) (127, 127, 127)
(3740, 4040) (40, 20) (186, 186, 186)
(3800, 4040) (40, 20) (158, 158, 158)
(3860, 4040) (60, 20) (214, 214, 214)
(3940, 4040) (40, 20) (109, 109, 109)
(4000, 4040) (40, 20) (57, 57, 57)
(4060, 4040) (60, 20) (85, 85, 85)
(4140, 4040) (40, 20) (232, 232, 232)
(4200, 4040) (60, 20) (89, 89, 89)
(4280, 4040) (40, 20) (121, 121, 121)
(4340, 4040) (40, 20) (188, 188, 188)
(4400, 4040) (60, 20) (140, 140, 140)
(4480, 4040) (40, 20) (56, 56, 56)
(4540, 4040) (40, 20) (102, 102, 102)
(4600, 4040) (60, 20) (123, 123, 123)
(4680, 4040) (40, 20) (198, 198, 198)
(4740, 4040) (20, 20) (74, 74, 74)
(4780, 4040) (20, 20) (136, 136, 136)
(4820, 4040) (40, 20) (202, 202, 202)
(4880, 4040) (40, 20) (103, 103, 103)
(4940, 4040) (60, 20) (125, 125, 125)
(5020, 4040) (40, 20) (213, 213, 213)
(5080, 4040) (40, 20) (154, 154, 154)
(5140, 4040) (60, 20) (164, 164, 164)
(5220, 4040) (40, 20) (255, 255, 255)
(5280, 4040) (60, 20) (88, 88, 88)
(5360, 4040) (40, 20) (172, 172, 172)
(5420, 4040) (40, 20) (244, 244, 244)
(5480, 4040) (40, 20) (178, 178, 178)
(5560, 4040) (40, 20) (209, 209, 209)
(5620, 4040) (120, 20) (122, 122, 122)
(5760, 4040) (40, 20) (229, 229, 229)
(5820, 4040) (60, 20) (64, 64, 64)
(5900, 4040) (40, 20) (61, 61, 61)
(5960, 4040) (40, 20) (142, 142, 142)
(6020, 4040) (60, 20) (147, 147, 147)
(6100, 4040) (40, 20) (78, 78, 78)
(6160, 4040) (40, 20) (192, 192, 192)
(6220, 4040) (60, 20) (200, 200, 200)
(6300, 4040) (40, 20) (74, 74, 74)
(6360, 4040) (60, 20) (96, 96, 96)
(6440, 4040) (40, 20) (202, 202, 202)
(6500, 4040) (40, 20) (188, 188, 188)
(6560, 4040) (60, 20) (77, 77, 77)
(6640, 4040) (40, 20) (115, 115, 115)
(6700, 4040) (40, 20) (203, 203, 203)
(6760, 4040) (60, 20) (222, 222, 222)
(6840, 4040) (40, 20) (124, 124, 124)
(6900, 4040) (60, 20) (185, 185, 185)
(6980, 4040) (40, 20) (129, 129, 129)
(7040, 4040) (20, 20) (254, 254, 254)
(7100, 4040) (60, 20) (125, 125, 125)
(7180, 4040) (40, 20) (145, 145, 145)
(7240, 4040) (40, 20) (73, 73, 73)
(7320, 4040) (20, 20) (253, 253, 253)
(7380, 4040) (40, 20) (205, 205, 205)
(7440, 4040) (40, 20) (227, 227, 227)
(7500, 4040) (60, 20) (229, 229, 229)
(7580, 4040) (40, 20) (107, 107, 107)
(7640, 4040) (40, 20) (78, 78, 78)
(7700, 4040) (60, 20) (197, 197, 197)
(7780, 4040) (40, 20) (100, 100, 100)
(7840, 4040) (40, 20) (89, 89, 89)
(7920, 4040) (40, 20) (213, 213, 213)
(7980, 4040) (40, 20) (82, 82, 82)
(8040, 4040) (60, 20) (95, 95, 95)
(8120, 4040) (40, 20) (172, 172, 172)
(8180, 4040) (40, 20) (126, 126, 126)
(8240, 4040) (60, 20) (215, 215, 215)
(8320, 4040) (40, 20) (234, 234, 234)
(8380, 4040) (60, 20) (241, 241, 241)
(8460, 4040) (40, 20) (138, 138, 138)
(8520, 4040) (40, 20) (185, 185, 185)
(8580, 4040) (40, 20) (219, 219, 219)
(8660, 4040) (40, 20) (242, 242, 242)
(8720, 4040) (40, 20) (88, 88, 88)
(8780, 4040) (60, 20) (69, 69, 69)
(8860, 4040) (40, 20) (195, 195, 195)
(8920, 4040) (60, 20) (235, 235, 235)
(9000, 4040) (40, 20) (119, 119, 119)
(9060, 4040) (40, 20) (121, 121, 121)
(9120, 4040) (60, 20) (248, 248, 248)
(9200, 4040) (40, 20) (101, 101, 101)
(9260, 4040) (40, 20) (181, 181, 181)
(9320, 4040) (60, 20) (101, 101, 101)
(9400, 4040) (40, 20) (235, 235, 235)
(9460, 4040) (60, 20) (217, 217, 217)
(9540, 4040) (40, 20) (109, 109, 109)
(9600, 4040) (40, 20) (52, 52, 52)
(9660, 4040) (60, 20) (179, 179, 179)
(9740, 4040) (40, 20) (55, 55, 55)
(9800, 4040) (40, 20) (162, 162, 162)
(9860, 4040) (60, 20) (60, 60, 60)
(9940, 4040) (40, 20) (200, 200, 200)
(0, 4060) (20, 1600) (100, 100, 100)
(5420, 4720) (240, 20) (182, 182, 182)
(5420, 4740) (260, 120) (212, 212, 212)
(5300, 4860) (380, 20) (73, 73, 73)
(5280, 4880) (400, 120) (74, 74, 74)
(5160, 5000) (520, 20) (140, 140, 140)
(5140, 5020) (540, 120) (70, 70, 70)
(7540, 5120) (40, 20) (232, 232, 232)
(7660, 5120) (60, 20) (190, 190, 190)
(7800, 5120) (20, 20) (151, 151, 151)
(5000, 5140) (680, 120) (176, 176, 176)
(7420, 5140) (40, 40) (54, 54, 54)
(7540, 5140) (60, 20) (88, 88, 88)
(7660, 5140) (80, 40) (193, 193, 193)
(7800, 5140) (40, 40) (126, 126, 126)
(7520, 5160) (80, 20) (191, 191, 191)
(7420, 5180) (420, 120) (56, 56, 56)
(440, 5260) (260, 20) (85, 85, 85)
(980, 5260) (120, 20) (92, 92, 92)
(2720, 5260) (520, 20) (200, 200, 200)
(4880, 5260) (800, 140) (179, 179, 179)
(420, 5280) (280, 120) (146, 146, 146)
(960, 5280) (140, 120) (78, 78, 78)
(2700, 5280) (540, 60) (237, 237, 237)
(7440, 5300) (400, 20) (58, 58, 58)
(7420, 5320) (420, 80) (186, 186, 186)
(2700, 5340) (560, 20) (185, 185, 185)
(2700, 5360) (540, 40) (125, 125, 125)
(300, 5400) (400, 20) (76, 76, 76)
(980, 5400) (260, 20) (118, 118, 118)
(4760, 5400) (920, 20) (55, 55, 55)
(7380, 5400) (480, 60) (128, 128, 128)
(7920, 5400) (20, 20) (162, 162, 162)
(280, 5420) (420, 100) (217, 217, 217)
(960, 5420) (280, 120) (50, 50, 50)
(4740, 5420) (940, 120) (220, 220, 220)
(7300, 5420) (20, 40) (190, 190, 190)
(7920, 5420) (40, 40) (192, 192, 192)
(7300, 5460) (680, 20) (90, 90, 90)
(7300, 5480) (660, 60) (177, 177, 177)
(6260, 5500) (60, 20) (86, 86, 86)
(280, 5520) (400, 20) (255, 255, 255)
(6220, 5520) (140, 20) (228, 228, 228)
(160, 5540) (540, 120) (99, 99, 99)
(980, 5540) (380, 20) (55, 55, 55)
(2020, 5540) (280, 100) (217, 217, 217)
(4200, 5540) (260, 120) (131, 131, 131)
(4620, 5540) (1060, 20) (119, 119, 119)
(6200, 5540) (180, 20) (178, 178, 178)
(7300, 5540) (680, 20) (171, 171, 171)
(960, 5560) (400, 100) (150, 150, 150)
(4600, 5560) (1080, 120) (215, 215, 215)
(6180, 5560) (220, 20) (61, 61, 61)
(7300, 5560) (660, 40) (179, 179, 179)
(6160, 5580) (260, 20) (154, 154, 154)
(6140, 5600) (300, 20) (214, 214, 214)
(7300, 5600) (680, 40) (74, 74, 74)
(6120, 5620) (340, 20) (77, 77, 77)
(1800, 5640) (60, 20) (205, 205, 205)
(2040, 5640) (260, 20) (142, 142, 142)
(6100, 5640) (380, 20) (107, 107, 107)
(7300, 5640) (660, 40) (121, 121, 121)
(8280, 5640) (60, 20) (75, 75, 75)
(0, 5660) (40, 20) (181, 181, 181)
(140, 5660) (560, 20) (224, 224, 224)
(960, 5660) (420, 20) (91, 91, 91)
(1760, 5660) (140, 20) (113, 113, 113)
(2040, 5660) (240, 140) (116, 116, 116)
(2760, 5660) (40, 20) (117, 117, 117)
(4200, 5660) (240, 20) (129, 129, 129)
(6080, 5660) (420, 20) (190, 190, 190)
(8240, 5660) (140, 20) (171, 171, 171)
(9240, 5660) (20, 20) (163, 163, 163)
(0, 5680) (700, 120) (242, 242, 242)
(960, 5680) (540, 60) (213, 213, 213)
(1740, 5680) (180, 20) (238, 238, 238)
(2740, 5680) (80, 20) (155, 155, 155)
(3560, 5680) (60, 20) (190, 190, 190)
(3760, 5680) (60, 20) (205, 205, 205)
(4200, 5680) (1480, 120) (156, 156, 156)
(6060, 5680) (460, 20) (67, 67, 67)
(6760, 5680) (140, 100) (136, 136, 136)
(7300, 5680) (680, 20) (74, 74, 74)
(8220, 5680) (180, 20) (110, 110, 110)
(9200, 5680) (80, 20) (116, 116, 116)
(1720, 5700) (220, 20) (127, 127, 127)
(2720, 5700) (120, 20) (170, 170, 170)
(3540, 5700) (100, 20) (58, 58, 58)
(3740, 5700) (100, 20) (174, 174, 174)
(6040, 5700) (500, 20) (170, 170, 170)
(7300, 5700) (660, 40) (84, 84, 84)
(8200, 5700) (220, 20) (59, 59, 59)
(9200, 5700) (120, 20) (110, 110, 110)
(1700, 5720) (260, 20) (155, 155, 155)
(2700, 5720) (140, 20) (175, 175, 175)
(3520, 5720) (120, 20) (101, 101, 101)
(3720, 5720) (120, 20) (99, 99, 99)
(6020, 5720) (540, 20) (216, 216, 216)
(8180, 5720) (260, 20) (190, 190, 190)
(9180, 5720) (140, 20) (177, 177, 177)
(960, 5740) (580, 20) (103, 103, 103)
(1680, 5740) (300, 20) (72, 72, 72)
(2660, 5740) (220, 20) (192, 192, 192)
(3520, 5740) (140, 20) (81, 81, 81)
(3720, 5740) (140, 20) (242, 242, 242)
(6000, 5740) (580, 20) (178, 178, 178)
(7300, 5740) (720, 20) (193, 193, 193)
(8160, 5740) (300, 20) (214, 214, 214)
(9140, 5740) (220, 20) (179, 179, 179)
(960, 5760) (600, 20) (184, 184, 184)
(1660, 5760) (340, 20) (107, 107, 107)
(2660, 5760) (240, 20) (112, 112, 112)
(3540, 5760) (100, 40) (249, 249, 249)
(3740, 5760) (100, 40) (172, 172, 172)
(5980, 5760) (620, 20) (242, 242, 242)
(7300, 5760) (740, 40) (208, 208, 208)
(8140, 5760) (340, 20) (58, 58, 58)
(9120, 5760) (260, 20) (187, 187, 187)
(960, 5780) (620, 20) (252, 252, 252)
(1640, 5780) (380, 20) (179, 179, 179)
(2640, 5780) (280, 20) (152, 152, 152)
(5960, 5780) (660, 20) (111, 111, 111)
(6780, 5780) (120, 20) (163, 163, 163)
(8120, 5780) (380, 20) (80, 80, 80)
(9120, 5780) (280, 20) (230, 230, 230)
(0, 5800) (700, 20) (194, 194, 194)
(980, 5800) (1320, 20) (216, 216, 216)
(2320, 5800) (180, 20) (145, 145, 145)
(2520, 5800) (540, 20) (142, 142, 142)
(3080, 5800) (420, 20) (158, 158, 158)
(3520, 5800) (400, 20) (64, 64, 64)
(3940, 5800) (100, 20) (150, 150, 150)
(4060, 5800) (80, 20) (248, 248, 248)
(4160, 5800) (2800, 20) (188, 188, 188)
(6980, 5800) (1660, 20) (206, 206, 206)
(8660, 5800) (100, 20) (142, 142, 142)
(8780, 5800) (80, 20) (189, 189, 189)
(8880, 5800) (520, 20) (85, 85, 85)
(9420, 5800) (300, 20) (122, 122, 122)
(9740, 5800) (100, 20) (59, 59, 59)
(9860, 5800) (80, 20) (227, 227, 227)
(9960, 5800) (40, 280) (254, 254, 254)
(0, 5820) (700, 20) (123, 123, 123)
(980, 5820) (8980, 20) (100, 100, 100)
(0, 5840) (680, 20) (183, 183, 183)
(960, 5840) (9000, 120) (132, 132, 132)
(0, 5860) (700, 200) (127, 127, 127)
(980, 5960) (8980, 20) (144, 144, 144)
(960, 5980) (9000, 100) (248, 248, 248)
(0, 6060) (680, 20) (117, 117, 117)
