# Elements of the level are stored here

# Ground
(0,650) (3750,500) (106,35,12)

# first question mark block
(500,450) (50,50) (244,180,116)

# tower
(850,450) (250,50) (242,174,101)
(950,250) (50,50) (242,174,101)

# Pipes
(1400,550) (100,100) (58,171,55)
(1900,450) (100,200) (58,171,55)
(2400,350) (100,300) (58,171,55)
(3000,350) (100,300) (58,171,55)

# Ground part 2
(3950,650) (750,500) (106,35,12)

# gooba path
(4300,450) (150,50) (242,174,101)
(4500,150) (350,50) (242,174,101)

# gooba ground part 3 sequel 2
# Ground part 3
(4950,650) (7700,500) (106,35,12)

# other up ground
(5000,150) (350,50) (244,180,116)
(5300,450) (50,50) (244,180,116)
(5700,450) (150,50) (244,180,116)

(6100,450) (50,50) (244,180,116)
(6300,450) (50,50) (244,180,116)
(6300,150) (50,50) (244,180,116)
(6500,450) (50,50) (244,180,116)

(6900,450) (50,50) (244,180,116)

(7200,150) (150,50) (242,174,101)
(7600,150) (200,50) (242,174,101)
(7650,450) (100,50) (242,174,101)
